name,B.F. Sword,Recurve Bow,Needlessly Large Rod,Tear of the Goddess,Chain Vest,Negatron Cloak,Giant's Belt,Spatula,Sparring Gloves
B.F. Sword,86,77,33,78,0,65,46,0,71
Recurve Bow,77,70,127,66,47,51,45,0,26
Needlessly Large Rod,33,127,64,77,27,65,31,0,31
Tear of the Goddess,78,66,77,62,70,35,33,0,67
Chain Vest,0,47,27,70,84,66,125,0,48
Negatron Cloak,65,51,65,35,66,70,29,0,70
Giant's Belt,46,45,31,33,125,29,138,0,37
Spatula,0,0,0,0,0,0,0,6,0
Sparring Gloves,71,26,31,67,48,70,37,0,108
